%%ENTRADAS
INPUTS = [6	13	6	42	48	2200	20	2	6	25	6	5	110	200	24	35	5	4	8	16	54	61	20	62	3	9	10	16	3	79	14	3	1800	0.04	0.04	28	1	1	2	8	23	140	92	8	19	8	2	11	29	4	74	1200	820	53	900	320	1200	160	2	520	55000	95	1400	41	4	1900	9	46	3	2	38	14000	90	11	3200	5	160	19	22	13	46	460	3500	290	750	430	250	130	120	5	3300	8	880	250	2800	3600	240	110	1200	240	110	32	100	6400	8400	140	6	4	1900	21	7	0.04	250	6	10000	240	98	65	250	1700	3300	2100	7200	2000	110	1700	4	210	86	26	640	1700	770	260	3	67	20	660	4	240	240	2500	160	670	860	110	5	1200	120	2300;
          0.04	1	0.04	0.04	49	74	120	0.04	0.04	63	0.04	0.04	74	0.04	3	11	0.04	0.04	0.04	0.04	0.04	8	74	1	0.04	0.04	0.04	0.04	0.04	0.04	1	0.04	270	0.04	1	260	4	1	1	1	0.04	0.04	26	0.04	0.04	1	6	0.04	130	0.04	0.04	75	0.04	0.04	3	13	24	39	0.04	0.04	9300	0.04	7	0.04	1	33	22	0.04	1	3	0.04	47	0.04	30	220	1	0.04	0.04	0.04	0.04	0.04	0.04	3600	13	7	9	0.04	1	0.04	1	0.04	6	160	32	0.04	96	1	1	1200	18	540	29	230	10000	5500	350	8	15	2700	29	22	0.04	1000	0.04	23000	300	140	190	510	4200	6200	1300	1100	5500	910	11000	60	1200	370	280	1700	5300	1900	250	5	380	200	810	0.04	100	1100	120	240	1700	1800	230	20	4400	740	3400;
          1	18	5	80	26	430	21	1	5	7	3	4	36	520	12	49	3	2	13	14	61	130	16	51	2	20	3	24	3	130	12	2	960	0.04	1	30	0.04	0.04	1	9	9	330	240	3	75	96	3	8	5	12	150	800	780	200	7900	250	940	610	5	310	42000	33	640	69	6	2400	9	58	9	2	120	18000	53	300	620	3	1200	1	35	23	52	940	2500	2400	300	120	130	110	63	6	2200	11	190	160	1400	1500	130	190	140	260	150	5	410	2600	5900	14	5	0.04	280	11	1	0.04	34	15	2200	0.04	220	22	130	200	620	250	3800	1900	140	940	49	160	29	11	50	130	68	14	4	110	5	47	3	74	18	710	48	81	200	12	4	130	14	210];
      
%%SAIDAS
OUTPUTS = [0	0	0	0	0	0	0	0	0	0	0	0	0	0	0	0	0	0	0	0	0	0	0	0	0	0	0	0	0	0	0	0	0	0	0	0	0	0	0	0	0	0	0	0	0	0	0	0	0	0	1	1	1	1	1	1	1	1	1	1	1	1	1	1	1	1	1	1	1	1	1	1	1	1	1	1	1	1	1	1	1	1	1	1	1	1	1	1	1	1	1	1	1	1	1	1	1	1	1	1	0	0	0	0	0	0	0	0	0	0	0	0	0	0	0	0	0	0	0	0	0	0	0	0	0	0	0	0	0	0	0	0	0	0	0	0	0	0	0	0	0	0	0	0	0	0	0	0	0	0
           0	0	0	0	0	0	0	0	0	0	0	0	0	0	0	0	0	0	0	0	0	0	0	0	0	0	0	0	0	0	0	0	0	0	0	0	0	0	0	0	0	0	0	0	0	0	0	0	0	0	0	0	0	0	0	0	0	0	0	0	0	0	0	0	0	0	0	0	0	0	0	0	0	0	0	0	0	0	0	0	0	0	0	0	0	0	0	0	0	0	0	0	0	0	0	0	0	0	0	0	1	1	1	1	1	1	1	1	1	1	1	1	1	1	1	1	1	1	1	1	1	1	1	1	1	1	1	1	1	1	1	1	1	1	1	1	1	1	1	1	1	1	1	1	1	1	1	1	1	1;
           1	1	1	1	1	1	1	1	1	1	1	1	1	1	1	1	1	1	1	1	1	1	1	1	1	1	1	1	1	1	1	1	1	1	1	1	1	1	1	1	1	1	1	1	1	1	1	1	1	1	0	0	0	0	0	0	0	0	0	0	0	0	0	0	0	0	0	0	0	0	0	0	0	0	0	0	0	0	0	0	0	0	0	0	0	0	0	0	0	0	0	0	0	0	0	0	0	0	0	0	0	0	0	0	0	0	0	0	0	0	0	0	0	0	0	0	0	0	0	0	0	0	0	0	0	0	0	0	0	0	0	0	0	0	0	0	0	0	0	0	0	0	0	0	0	0	0	0	0	0];

classificador = nnstart();